test_4_step_ntt hxw12
GPU Device 0: NVIDIA GeForce RTX 3060 Ti (compute capability 8.6)

root: 288482366111684746 modulus.value:576460752303415297
n=4096
small_transpose_4096 1
small_transpose_4096 DONE
main look
179686263450465981,58390359993999933,448140412193321033,271185122695005656,554239530364944037,243682673974254253,144264025959346566,492436801292867984,134512235902791939,250396816044020475,196274630852342376,381271911526326222,199481401911772704,229803077873680976,10503083519974122,17949555469446285,233665373671464234,384973863932157916,452036223659334169,272377856327233208,222638936260563328,205221456626627439,125871021852532905,479984773721509661,88020070986879132,574993592426931851,526271226802882714,61629383337026090,454297492994327929,127263212680755903,276436449455776701,522179215979123957,351178914953721401,50876451576651772,67783675070099028,371989099890319556,574593400880132426,494116670433904970,87092909263507952,76839660792742848,187506998022548237,295330731359466937,87977592078354098,359472361642241532,241053070564062824,18087485162972299,184344413573211355,403478915074221440,225575694459654292,420229424751626031,538832803198553598,256272909114805700,304023971663315578,286766744306039652,343245807577923590,138600198959597747,132755186940302770,321625540255702532,559019834412811959,385923959947703970,335216474060978716,325872691122491666,273020792047778135,179434422647217114,

144597920345595449,68128688071795063,262083664713237955,183926450983396428,530276306757743755,190954041493085378,36888552999421967,478238780487004159,147395196270713893,61982885550778309,157587493855269757,392870569264171358,119582273456293015,465667895696410142,493365945700358287,352442524967147801,430195585140164225,95864221531778118,355170340910426290,523720143372680560,275807516873069183,378650532351752283,262014517298578736,327877439666074592,343567240016701598,409034996880184697,106430392954124510,537461300587084052,224489792066126634,84486240054265485,64814542973916030,563407897094606317,70158578750932675,384096297555003378,551557929659228982,91365726042088604,1158117212866369,382797785480137045,347932544721698995,362667946998127246,47912831682119279,53415123669055259,120024636782565428,398568073819635784,523314572107073032,170040635216402220,391847448824845937,50067389564417475,420965257526055110,399958836082608249,460486024259006637,139547119110794227,12568575622532418,562158124738702390,420144851206189876,34875702306709867,396601306288640252,528809529040045034,291522707612205,454641036807125568,453553574620541749,254977300066043428,116039333207459409,222138304221301198,

291730598550122067,459497413101786727,349694408876822321,443734422870112273,157246585101902703,325454995299914454,302854329008210254,93894823323143695,338920822974524633,95122057660378116,418296530122910853,285503388456153459,154284037028853543,428808433193442279,107821518281782431,576401553441049999,130492390741330753,120003558537737711,45107050978961500,222371017593043131,392150812863225649,404011342597489109,275588956300246150,157148781934229902,372390114950358596,162433359906656317,288679634330887557,209326101093415422,3625313003906926,352998978659980803,480972732665799469,213705087582744766,504901471201580231,440712770769484986,111008422998073251,444470068161873642,366515922477027949,215693370563281186,244103644687735050,555775526711701327,537440827000636521,198299174701458646,7357163999163666,240192223552962109,216912207580063787,80504605617414972,542955617089414902,446651403646823802,81848204122181553,275175363291013453,348829399559977026,191311376999831242,517658758350246396,160285711503249340,211546615494278747,225762980785475355,318258276613230554,76029268952800062,412561744783868176,85083966886876730,413215397821570434,456813111519719185,204716435115130094,221815927196233126,

325386863236794196,114874747704960054,348999039246099113,204134765808329507,209347496286730682,332722772361008317,463522009458855799,571999580552397223,495709331189691970,498669945074870795,332769366398226359,459546665837493491,263096862711351196,544158420448667159,207721630469617563,306680011727180492,105746355757394024,418399647086101849,294534752114853856,76907690179666029,547625476401796446,132716608915220551,540204912719654444,67558870060244181,194839257060399326,425407851296514380,216270329082122302,66167009617639452,301097341719930571,462682488815154028,118845626825584839,329509969040102463,559653573169147324,285541817789520899,165444730217251700,14606335818352327,412251845580181565,533787751859111031,574698506932447548,312385716441280072,350368545422803746,403031604364543167,29774684475459761,279359382691519360,172819401978016089,46963955332108277,156219146016971452,357429105933744033,364728054333529840,59487108724935714,136124256133937258,509643719224428438,263348724893967935,359593236324946014,117418442020857926,51246783942094842,85733295019062212,384774454117607980,212586084015128284,382547713261614251,447537357992133446,225575423433419400,30924811338595042,59103303546669597,

54319953090795443,558712903335178699,178433276855726681,342820804941212970,165394047337655485,194610353577483998,385561750725547833,434272116774455701,190338786633463620,500243739435084405,76087265947397438,261216949626636941,397980595387946697,346792086639620043,92707285835724489,450463833395674882,326929091658549378,165385545236628198,378669739687463657,288999955391176312,139743634380160158,172968725106464232,187622861182320286,284220806918383471,82595939249789651,410596053536592790,180856045352049683,483673509507607619,212252218154465985,177032393722123027,294278373091627191,367064534214085722,288200833819082483,428590710905592225,217725629749697178,551163020446394227,416346350047422038,516200189149978910,263378163076528430,408796332380294376,453966532373920689,441585882770490088,341368795101702032,270328988447828821,553691556707744439,463231558651107691,274330519325423227,414133637620248988,509808939498898157,44302070181049309,420719476424861782,325922483715192611,17718154541082055,368339087587399173,322259879711729066,355540809146370298,302612993372554284,493886925197735257,150588574570164651,471373387899432049,20513083696193880,104336716220298616,121539845028833453,521955678719263227,

258194987519421476,518650265497173608,359856822503745835,47702904309655611,338306130634958709,425455586622125237,328915968858179838,525688857544454150,86451306621615764,302286361176090370,357284598843872256,239047123704012590,58451774242292728,282876743674608756,409576675360049324,377177974036528788,207388236205467543,472498754381614274,79310140222456496,92083209806507674,313342539749282957,20429327827243358,566972627539775237,485198735502551775,47162176373790958,60395322468057702,555405917957563826,242007333223902499,429428175791828535,48169835582979426,293660352587442270,217237597457819909,469889300191317346,564491228408410973,18592849518785465,529736175239346313,442706663532877918,420420231783282904,114368100084318262,50901614229984107,476882202113598851,448320594551125643,236388640439339286,5730133082863055,366148871064508001,57186049307518432,48444379111872281,19142370159951561,376018161562556556,270622105345315911,78006299220705299,330870273063105238,196052069193597985,490020043132739967,382116689535682976,356163009424351889,176563311712045803,125640333328530441,413499045776535770,465521439910977441,425981247098967175,209972747078540401,128285355399019380,121342519552967354,

467103789565727756,150529525302664776,467855376581162472,357816327124153626,43028579202216245,411039795528628167,520248490817001456,70905517769803169,405987861102963053,202200344329842887,469894488648425954,509097549940108524,321757641695997385,64861628961836467,76663527793121783,6689112724195000,119927736822110123,370238878818696237,62246846998805086,448545952463348218,353035771637240515,265329278452190267,234624628543305282,37830892559953575,440469352009634987,19500716525281406,64814278823642891,450964628353292398,552449439203407632,313397425088656327,348794940182822343,432598372043586711,195966164974340453,403596249925129928,517994043268853927,467264709761128431,25311575634814094,265798819512214435,247973205191687892,46195650257481842,83213066218921216,491169718863878083,404787713896083185,358907053500110221,557351835801159177,557998348028178563,573341448352985269,493048880388308712,376700515395229488,339665670901009203,275057624183576210,365194146096978646,67156769629141658,461134210301395843,339865681425990537,290168211567661497,415891441764345353,131942165284874305,267674136569806433,291555211561998896,98325170910792527,327232570809737968,457389198545631703,576062391636296711,

563071150178098705,115279416230179919,87403455676445922,210817456820638396,62638696146030687,246219190896948060,397621880420289436,91513596758712816,8783686974053691,516978311358279223,561931569105892055,382809899898819460,492262562096007538,118665267497348296,210831952923421210,176171710167892680,534550088412667845,238319744568397766,338537037935686343,242545453173644351,30426044316720060,69584835318604194,180650957795820989,149177344476557057,557228943855969875,110583964257367284,16945549753116750,442355942628787740,504839648058590506,256529318377746891,201520277707282160,250362405710002439,340062028249612199,182305248105202134,370383824146207516,402521189026981397,522835681794163881,469619387635141422,515590817314607522,68155913686106290,435868506906471338,33960390849602032,90493203591228368,137883009089182038,72902000464503382,184005968326215234,294095531849098395,399185996465120746,213653396740767634,44544948031994165,199734116484890260,555974541870773549,180831150113396423,44167609955241144,491808440281815580,451663550507668486,187136277571287190,59813281829956953,540581559529156167,16841369030399762,433500451855010074,120879732022005405,330348207083500241,37917353701406711,

112555880540057652,277796509990600338,507617204882241508,350602445651225202,459894330473915072,426697437485123309,248642670401513906,258920130917296915,536547050701017748,102304957754749937,35287415238775762,90354675363074684,364209848381325571,135904157328100459,248485187696037405,443803153487606083,79910015977768346,334829112390494500,75690269907181176,289483035892426172,565335402600006807,365409356581591117,64001993540203462,19658320985388480,221470353437645965,289846100610263444,166886419815037473,62175153955802187,82387665899946946,570208758679689814,573190771353859395,233654034020324497,221616674749292469,249316313480477599,76234244359891865,183481998266167396,243370216018029446,295631942504796969,46458525497871740,346191028130244630,419889098191797675,333953355639984209,452576725704231664,450153773227380778,2879746953180444,135897452083322756,249424813148551083,89578110212004712,217549858141656055,43611878212772436,379591935746645693,496966590650895418,530342287008477609,361836500502474266,496506115939339648,356930739371771019,566745636215420840,452021532610609950,172516080179457572,427475467443847401,89967973938596690,156855955400816554,289132519935496003,292364685104944264,

283582571066917918,135482515262231658,473432770506030448,53958667190591712,470266548677959857,347928929308003244,142955403112897540,349685040267936799,460468104223489308,212105540533946372,213317383652754552,355360002194724930,447760343416547914,335220755611589108,372796130277554065,479644078698764449,17090726966087248,252045132841453723,476113690463630499,471372990765810254,78235321818014104,166200174959846323,440124644617097917,57642640124748555,461525489318368812,150306499179998118,126287170982376166,312074901213681949,31593902977481077,415589912990282841,518143100734898560,277291580781952684,253116337658841216,406324131641498161,518836087129312660,295589079710017955,451724758166285311,113038386268006769,531767526790825598,483112293437034996,189673814768236678,216784773631262544,303756408945163044,112541919419711919,356845295730283260,432667487619600603,169792275545690295,140524217764384824,307956334980968164,315758906877869971,486122711187711069,386808076804357836,197245998854610307,423072240557841349,113109999677363613,345869715417760926,28742786478203,387838439059300091,406686055806615448,312853895802369614,1493218776156976,505184963737719366,44376058737446631,44835612529342667,

194915232378941409,29016036053322176,439689107578472028,70727192204704005,343187478031845719,27127890859772802,385457555365115521,159200382310883541,572002783043453405,542681057006714778,288320256670962923,517629645273853066,121854083270404419,217480462942634468,490045269278691829,11084735919285348,383931459068089646,387009786643231795,223713896903107926,489546703394283440,413367325000718150,469823677900139211,168131656835452836,321873116220052278,271995331787640816,305111535254537769,14345750639375869,425610518996519930,332207570970027829,347675132633879716,198667102438709147,431703468037427688,476638177567351401,389034832830303151,507183170270556756,164775521073409849,76668857806002633,494077611445256410,514811501054660179,269587381577168706,557610598976185477,152358295754991564,187015252981238241,451194267239789203,479597419158319355,571843414054433648,429367305246524789,196305100735141228,81774356742162180,47938820646809973,240521867468441379,461038974938264954,212959459388362790,121207838984334767,414890009659838713,385983768848034254,507197759076672634,86347091301868032,504521655567125642,498973007876496430,387311912920369872,452842740092954215,533505234104621680,388026070018790538,

265032698135699160,453707208876043555,223321563357236592,478436049018147343,490029746577485669,460470304602170116,263593900624836438,458241345761248169,13764643978374577,242217644651028322,205100333150037078,204630210677760349,128143605429726798,198229114623054570,456330502844305867,322302430221716865,485872177950336536,436090094727956116,363273769142399168,509659388764314275,514529965670052445,504348429807035490,553525940910107556,290765316995010527,443803245340090270,294536245009161827,116164543845879490,446489290375787274,341904500448532704,182482282160892925,315085179102161673,413920222129976435,541210464084354254,25159050009653809,272169698571752113,143087376874928216,187643815711843642,186029947787569860,463217787888041859,406339505510361309,532902891445437489,469496310981886434,117654318190491130,108903881032763198,367058576117988009,553112325855044054,183525408965266581,519879106132229794,210195054904070084,326053322075907142,436734429884122096,528961659943417382,134053625487339256,102591153566449887,297224458050523021,135483479791899527,17946365145638355,191133062182290807,294139034354120692,452108124833105316,268007541834028965,370870234017648545,546543150746350806,37851621729108886,

188761190612799715,413646757331091583,71849245362431971,87698520647447330,168049913689497556,325408079904112525,507366365333542328,65867669921263762,42590467084519788,342470193155448118,349789310987772402,51080670449766483,515717834374105202,388704249402662800,224376805035724670,562118401304401411,37731034619381885,252826518345689210,475472017948900572,485319925623000168,458833996197543937,445234226984805354,249975142470821151,361264904175892326,100541100501116405,494419325527212080,105484948871683237,22513406980367879,542393452682379608,416924101703306586,197346701624636614,400077559784509350,111374891490461125,536639159655029390,92450009381689483,528764012487483759,334950602026611259,280988711655359836,320743592104108414,47171738715939148,266404285569402587,461115327616031266,83334704111833190,206099981125216760,362566959038908333,522604102912913756,490792994116664835,41038349341489343,120554564741431652,235870413751389622,15336218444849047,228779406968334587,383462153983233314,41991932803951513,247921592203340709,107089976380860515,293158232616064630,63994277825800503,567594390665460760,265690777961863806,229520027264606266,338459242609258311,435483742255816037,481899442157357909,

216236873379649060,484358166780166457,565937224532368722,210055370332303520,176131480516744337,126522031584330043,544774601321762164,257038558056047054,165165598683770445,295294742047089374,137306693402510053,420248217147387658,33992080883663348,38486318378854149,562477296521537607,490162766436478635,103142924259375261,246596442080470023,224005480275052286,545520358807257521,391251162266432418,145435367581923087,144579783400124543,437286575774351119,23033081146486397,80498700935012728,123772001930263705,87328361229281199,552266304589579339,422278783046559615,53949121552260975,113148133679047420,350454919970197497,54883747194951488,126134213202308347,237573968649780105,451836566624969341,106465888400903050,199323924858605087,467680512296731838,75515723828525296,201022594446963793,487665326134192148,383704309136433255,218551554822660368,108206766797634932,563622496816278354,146602104077031405,274985537292300324,57888375315721414,330834443724597055,555950162741444487,388627179404465262,501496040564276923,43568239471650059,445220640267491449,475985233995528134,318310546704548142,397607612732113434,429449223710272823,159540558004381383,195729017590673748,310760497310668366,45429529140333628,

105935131340673587,284013967214139624,452843301277149356,261431650043900162,25095915546615859,471651133858934173,484734657382717943,46060517866884971,149225176575728083,166466553012554351,144938431060978261,89283131437662862,547259964663617182,560312415749702995,263051436475236231,342535800210708096,550442127353661674,137555197456317325,158361644963344863,326877041581076044,21174912271460001,440938365835491918,501919381256813291,236372058827681446,37958059427647838,527946947232391584,313247964765744063,72977567924662686,72594465868500798,519759857371159712,529283853547892481,329932302581386082,279953764322110568,468708942455451622,535263328102919632,29657340916745000,204389834326292997,86191177181150402,406376616127433331,222698183617938475,307315200822120117,438047629371994093,387078662998788077,197296973255715152,127517041090344651,546772558126632764,363260824075584291,93677643456337826,524849996966072458,427971499852781296,314137222044813582,15618017836554912,491805823307896195,7035289199635968,532505891504748057,224754712017633524,1766067783046291,322088046154422320,406397513719034649,95237180592604140,43523364237586141,454818348046784237,495197616266461094,164745409728371883,

474330234694704150,120001691992347014,407619354643066095,337120325305600390,423435990242945382,87119290689901500,550524845783280312,261369468227751737,49971998978880707,347157644423486032,460147220010237540,204820852458489244,61136236416758220,141634341762115653,271886782379427270,238862878215857974,294944599353425579,574144496151087340,226029034174091053,224395303894646705,538573115291131662,435509912423153392,523933396490840687,549046127737824048,383121792978906905,553389594830118181,243246087062304663,231509504741122410,543826293049493949,167014299065600558,133778077437011067,553839784927147093,231750264345274123,86984509234583152,97896851321570133,387893698001978884,224893990300792196,137893811895100832,492658503228551139,481278811045709229,4121376013185252,219025210963671572,349400636019900908,95443879352873220,121713304915094009,10868295010776094,197816539320915073,302630754159026624,475809289970647073,559457777349238954,6700453873193141,248721939002831529,123714457259649734,543476522369911512,152913597149104783,305467657763149667,548262037429188871,65043020189097444,405573656351262649,344540691149121109,270408746216199921,300044285737349584,461856547676886637,93381735441230971,

480603703990888719,288799856021081483,574661679084061155,508287190490873157,207490059331265354,183637617068497791,76291046117356545,289266989353529115,496853248838628080,557916116196985061,9828736905155633,158434514812258936,444063654000705464,82833135287113843,515348164564689119,365101292343494553,102263275034869514,96557643240417390,337741655734860323,527912183268899552,567304275350924421,511034904909610285,465692878706597256,289480410898990706,299215894312655571,4201766399219077,448625079636722010,548344793520316522,37731854016934340,412268872048493802,505141323728823524,190813711039604412,207126661819548539,267042208164574019,31831533422834288,113451996276698082,134110883403238206,111788476019716933,303620801601302036,547459586945512737,260456456874902185,231625926095770696,446213997099995370,105080009523282865,496209546254047134,88157838076383881,411538793831479380,344267656873884706,398651748812891700,474981797270776983,310751443122583322,10669472605993803,130849680631204458,83037032302970720,81018522244111635,421732766296359202,441696902945203024,143183540658656501,9093137276466949,258802389722408881,500059218979098079,495160389526886764,523756077088835476,272797650929356323,

2069291412394167,554968815576373531,542162651716453920,55760569636169099,506740861940910931,319320259329639055,294931532078383917,140375260462265363,351479133385389577,466757511448084192,74992525308088889,534364141677476075,227817093025028668,439995698155358953,341197125465132321,539527850125897648,59028845477700021,149766391253536941,13591077890053281,3626644807181583,440019627408540955,557199478092061575,370473657186659102,325175236933931187,417353636248927177,364078714357215826,298725713524913334,455164156771288562,488593467786776597,203064425255266113,344371240705229270,145969614795417289,328053773143369050,260916622674599481,36174720610430560,136886126825754168,31084911673255536,320773877975756470,154784946362599921,286874873136072047,16851821579022408,546500256643978062,246928426260840000,68839364801155399,248729998416845674,563041466935847130,317963893753758153,397418987676527944,86689425277417275,327982452844078225,323953118419651858,174330845957716195,72887526023293620,30293443208557244,94028703456891948,447034202764063329,207128174465217031,27054428461920767,476799751786783406,151233367972848887,410295148447903039,312779563484615298,98675824658868317,151839424174053499,

116414132988173890,412410519467890559,243626093809182331,404917041761235828,68976328139714331,378150624408611669,19481286355091526,425239166050677133,353196976762024428,272288872016157019,24665319932316529,109712139421731500,573647453669851574,331020336156669901,514942508566089671,253672135454850138,26606553588969854,399773865946710074,350030556429214143,43242422132332767,222791927067376876,543717137304212723,373054951046747101,474681103195734755,201287860963615079,1164336194033928,319419037273840625,193453064948645719,242057310310244550,225210681796478491,557321984951487472,412425171915248444,150335232237948323,77145982527403907,77655038678956118,276802551491916795,108914158075225823,2652123446205325,488647043292556604,511795282449119745,165609871135556642,518686422948035582,101775621478281066,191176049334033978,502164878861549039,411826977509819421,348348233489996116,30057275869684741,37795528698175458,234435212529299793,549449747138684644,184031474191112525,414579936754310039,74800752095898916,549527973278259192,357538892360454120,153808408252308197,296947540642329484,367012068128179079,413106215644195080,428644966729535976,261588603342740714,419628338549311692,173056286951655426,

209286511217970620,361944833784564548,129269596576390128,308017250242969298,565088808011808813,328863660015770811,572910582168200202,54911463670841733,321364546536856061,195098620928919671,315314860557247212,124398445208472793,84068688496370714,543827976185376456,555456326126784108,564173714378966835,95367102868066626,379685090603944085,188928842207900045,68294756602370602,121284832386642341,72628294874640264,17192216154739202,273355961272569022,567326435241783715,90800783358233593,337988395123110308,140527764048587839,315298368907018818,142220420332643599,270727363861837002,220419878481677253,562215049006627691,144227487448171285,176778669742645889,395386617341315805,559944219020488361,354721288479120873,231371175555553146,537186591868386564,545206328653277715,291560076018574422,505511851138825865,302767012753088960,246043770948506814,2993301156708264,460619047731157467,501891472138309960,416555179130976026,119776422730633200,563746228753195440,382642160527658417,300034535022145971,149029125745371106,524847816206849375,233647769559081020,69972723487206587,259102902996027497,484044317453332563,421477207827329670,114888777986463307,246984214507573315,346966388506550722,163644642806776054,

95078050425213447,104926739560908353,249686792826314863,96909332569310292,313309664248385533,39320913592480644,23605051264580123,375241340391701227,5180595103660297,61444072859816200,99813767103520352,380210082897632271,9491977579058306,291122298570755147,211098998089598189,521064504331097538,489010152666389388,514726017949741801,51424120833072630,225970190941065040,176678783400469346,446501539136566400,235819201599804401,421477243331451824,123683337516445847,373515358204841991,207176388463131737,341457639074152943,306336249239895009,380687574967947044,516874487524517544,451497156195102291,185478919084176822,198781129150305244,21407994943004775,93143829405199896,493852974727547292,482436723331101030,413320310767481483,186481866749097601,29152930877353556,116943605588031821,368200393404639002,293189839445706841,132678783184692359,359748774287247182,23343223218006845,58319735856257539,172422192561480737,275125020308768739,333090844219539727,520484853001203721,341183328286824243,320389344573011485,119271559883743524,183094808674180428,102632812513643368,163225274137241101,175041312222006640,341289344868990871,300628144483219370,64054289915739081,37906313686377074,510036825744710893,

240405656165125011,153479422528148636,387026749174838094,227416939096066876,519022596478625215,159419898656867682,561096489747973449,277895190565572043,346115259207988469,568192220155611002,437352554164153460,243866091284587010,137717893265272188,14573235780956657,340811689023799759,537718688335268361,293265228435592393,227690922076032557,443990130352607580,231533897962485916,563719877074255134,475742072094336319,217112528780156029,464019965999944502,174944259472920468,30897399421108391,109440068277627367,560763270167677873,470379737662154148,236178544340415933,187356546514831991,107869255131576626,313370677019032663,199245068209410000,441334090050271919,486876469940379816,565774993866282170,26394809116023114,158269302582821107,12347404795248632,371617102722462332,176035750044798778,437741047662203392,526144641773317945,340347379279872236,21217356599287769,447529144601454447,34754990626750995,428706132548138735,570183939932409955,308616073008647868,433569384613969139,235275836903449235,324707057777371704,560224596074520004,292035080561245876,553317285391309094,331918245306959345,310954257029713095,469334479978384761,552436818523449780,378219093738482162,307171771026727870,275179348711998262,

241335524502812637,548958519505814723,376461965505680767,330522760859975098,285868598481462575,387303334222941623,382384927589864035,324260909746782440,158760370024300317,324824224483310172,420201743588084537,110734422259790558,4858627486499699,234949943181835027,532622849296169067,263463534180212830,442072961222678501,72766798880484326,47779725110206749,552930122873903453,329852534102878910,528536350496872036,334373655474851667,249207582303448687,262494341937210206,208119158569289643,259761289602842605,415264272187374865,36600221625117190,139949629660196309,137407317158692776,319846654205733740,383127989867570255,130531180159002689,158335800793497988,283814579102846829,103141826978320993,349552148776814874,184935670850763548,290558690438001829,289206372115245785,300636190932220705,468490284675161089,416320698052638095,489382072474613631,40210476790379059,123224616713260055,548888999589244462,365708760661862798,457176350211659183,305321704480770739,215010036523914672,248105917187200165,75666877438682893,476125709793346028,242934148664695041,51321960651093365,131505392190912661,94288563549902073,516894486109291921,220490554130240870,237441175249157402,77266412085289591,219929437257554105,

297884583981684586,292352001095157364,88038816878723926,530445977467657510,232824267328936855,106406847397270432,516365047027255661,53081122156076628,99637088582734953,76898219366957217,69521386243660784,226043921307626726,63866637810764363,67115934572091351,62425084708052621,11144194383195584,483565960419446967,566856997111465268,519432747011403458,447283116151433660,255358712482361180,466872167729176911,181543272622495287,537023383554802966,112075488013325325,434118153087326578,270553876895187832,194461209885547545,289196210176363491,323025403612196916,191928279177520256,149353273976058707,244043504734451392,375781383052855681,370147273836362225,397392904635647376,537581571020931496,140528927903198051,410015338440867389,8983562555577520,368704457129289295,340554159309053794,136051814564410124,383075499187993633,213142596409899997,405994426925946753,127153608603460558,545278435993692634,43811686297377392,287326044844335005,113127620054408062,519563677903749624,342970252102785467,30971216947533509,293839379392883113,96140619598764178,41667037914759270,84850924441296861,180559956099102385,92161015708635714,66913757632749780,536131398066489146,140055178135379039,33728967019242811,

504789602368706457,187036280760973242,491751592449176111,51132168245231733,61391622898796886,13727999748387815,451313235975917460,165730647635633278,133862444762606562,86266925441570907,392559224229360062,186803528725864622,337732361739301187,15419766765405844,484853038534070695,389204944699369406,20403262757405625,158970118735173235,131482317909393445,500341609699848899,424726807615611684,530042755666641782,212891976840513761,380204000365088963,10887096734041698,417661132204861368,28035186078032748,185451334150095894,530946239352146116,253607305329673743,429521562189901256,562165083921933169,352454328899231175,409236463327581927,235776281463981513,520718889395845188,126894117206435267,409173506426915986,194307043333913260,516670917761485230,220141009617699816,539005027327535115,509270740518846151,193708279588007788,76081126129943147,464510600062009353,507173527553352784,294606371068723030,167725147868010898,330266753620831108,215914672026893863,268093984655609600,477192870962745819,359553947721084296,144959873877364155,318240999739699383,404510908199551185,314292059462309057,13269338427622197,239159685775007639,169259285896927667,130870812284839882,120825013852599009,9075408177656851,

287023700184263486,40036277858228693,548360053351370870,120573248861280417,519662861348548189,508160546251361447,366400639723854567,243094933930915411,41637708940328785,183179524935982655,270927095760625465,160602495632049559,92443701703598055,79311967530004671,551813743606539792,471129912857839,417125594885631237,98730994046747697,355733854038259780,376670124464608689,98903198992562648,376816946707621488,60979143974504859,212666830319215759,462460759900501458,564369712087876144,507034568051275332,537488616122906542,418463443300863145,404863837152328798,143697980167137247,524505112093870968,497634025136171185,5210903781287437,374596618933977687,440627020892724105,243575965480720210,557621924434691044,274385394048729005,399411160178092598,516847174344146919,436434800675356475,9937279048795323,33525001273433560,293364768438528416,171594978797080996,178796637490603509,416239786490823405,121128960852351925,50426557656875192,107542529854359446,31916240391285768,361905036078012647,6840497881334737,60677608473761016,366065687108937842,518683616040206176,197749742803127035,340233276694514536,519007718790936031,134824246004801864,293706137842840611,152393485626931448,6641484788692937,

96487949752847943,284989832676785371,456536678584739651,333556817471258625,20829402592985922,57268131668307895,223435643835063377,560213034768626581,83124336717050289,41213901760274951,244097112512106783,63874631038681364,51388604753349216,138845667510269322,268234698454460790,127403096195333742,188165813780011078,433966754388244371,556632725695952881,291822670813217413,121449827746307223,550203808823741552,50887338633744172,426146650347102677,459882244388396099,511959570350143766,59636861443138117,244298086559879214,56279169344117204,492036115843208946,29764145444165686,371260917268602271,103731755498873927,560515798488845553,277806717492714788,513379397543573388,86449106765275653,374981896419137958,486040636935973372,422730618863585925,2628542096964757,108963133727180252,523758497447750042,265843545098045986,228931541484216759,341953294579542619,294930290319320653,501306865810029718,136684999028153201,380602218491221018,286313972300223867,131946396330609963,186138370251787454,409102778535369975,310285313456164911,133125399707690385,6789318019549711,272658740202055689,417765646547209491,319502791750618844,430543966843580693,170931046801120084,196291057385846746,213075337104184266,

436089493692619483,21182237861926176,504859538145762518,551971484191598780,231080909368034139,326767368128627103,184341549433458303,394144844990629188,89011027216832837,139735929511783070,294929724883365477,541702154261615164,320359274183241306,136518364070824283,89927989111782023,507406234633828278,370090008857551186,343546297632569049,136642967825322092,182674789422599042,532158995675689108,380891883635732788,575310397920955917,42093429492458127,533341123911263514,224701707105358472,403122872048614247,159189302417754280,486996296723276738,104104808822327695,152038232983049585,56329312424113736,416271498415074804,44012372971896203,472173420902574180,439619432383574033,240082615471647459,43478972982432500,78511166457516819,220538249831871846,455758362567407688,7508212885020691,392360748927371075,460576642500037279,22943379915858716,460522188759127067,385395709336634576,200126227807447720,495260246261096247,18845933277094933,255238420606790946,296582315898517309,272924674329182855,571427617529657749,316167258296633797,522874440090437762,523196469651633196,347159124822584155,572263171355136715,9039469334255934,367746019958358503,213923121868456896,306775554048303823,136342421493516001,

213293046141094646,236299777951623126,270197316175036967,222966995619376427,43654663320687026,131798330462780151,163556361981905078,327393929949525440,526215173806421763,43076946321621046,475274274261812472,204729442831472554,217220906319131197,444333550709990176,497407196296124448,23021452256556090,285046902452922722,371585623055065373,262460453253744286,510280007664573381,478228397540179849,456387268950384432,286898461523360824,80355163599768656,138380283905224876,476412612831582372,206006504726581609,7723962434245780,326936169941400399,464078521182537791,320830197828143645,45774714202296147,112546548975784093,440939579494602774,371266510638616227,485154097781396418,169581059741580926,381505062628364872,221644484216332548,202647252148379036,60403037078722074,378519080538742136,320370251801999934,95690381517062151,374429769881603016,26459450219866539,545983305147773645,347400435066151093,256733647476400169,308590494495347049,391074389287667136,16273320299712290,511783864509882033,122130597730608220,220425253693303469,496304143006731968,98259426896758620,103268652514643305,5857555788564391,89721538075059044,296170207789902896,8983459297873207,484879399357131429,375999859679348075,

282161643435141942,343335873546425229,52853120477161174,241847246733948711,327674031904166593,182564170928269989,57743352571514692,315160802172433027,251357973383350374,436618434905087472,242254783978244134,172126591354618828,534944224468023636,454439287279287424,382457078204885905,58038854104380306,236376652756435889,254361975271665178,546303160042597257,378167273486596072,481119800569743905,376628344116419093,113768407609362727,97289570253981706,247023867774405472,446050435899863374,160586802821022647,193455185903254012,325912426096698150,163114675685839105,393805903057165256,168067093767184908,529237315315443497,56042576859662125,76566502388912331,379860558649116564,187099055199287230,541799199646564813,315345886019845839,349403212390646621,558001090961225362,315858996213820787,47938570421929434,14585523634282375,336632601949250077,80970975634080061,77193963563690808,272184058976425945,116614808407323388,547800574860299452,533136738486669221,557651374551062867,990730941574945,195287556618145027,566500489466646283,97588846367567701,34668276477647365,503274528512731026,285444743261827949,244559391776302677,364219449394877587,573616096476948230,461628522285833194,67467439020786191,

344748761319289786,270412434980425604,547815106904823955,564502672759404636,267838415256140283,344619906314959316,565065240852074401,135697054237551412,554940035298854372,36750893007496290,440050469597539507,17461236231532635,340833464520471189,180574883369598471,16960959802247719,337819307680087018,296880831722638828,90157218475632446,275648460073184020,172412115581111362,516394832740503428,422151063320943795,154900908871465321,221021593467784733,385107988818172796,97628603524236782,253685331514955448,370689565771060063,350961496788521621,272247152452104663,478419789378564381,312353064314390925,217714789244297943,102700340254913379,259694240804817998,33480610568808646,96853697142991352,65193881561174658,331853894432007256,282873145413369421,255163616720674777,151894062437305203,335219522277003714,38335269959436945,461419719877208215,25643093033596168,83669307359320576,515182888522213418,234048240628156981,161494252253413673,197371551070202434,331861401438921995,358250459903427072,342042289234015962,301752757615100807,264038750740101261,135551675037144899,472905688614383933,284218459958783639,271128629639925125,125830876312278500,99636625266267505,108975120160388598,137209623353879409,

272571898299139529,352573717102784341,101224864893750934,257151800812869721,503206667722794201,323171161886472189,216342029494891577,310948055448837031,406585411101282284,158550458378960082,327697764432101720,557272259139932649,573554825873544893,249346137399039838,322473797613211419,385305583398270568,401552487657806044,530642839493996007,258136471352946538,464257940697448760,202857694900287737,209271214261529445,141602430945222958,364100307100554847,321459273506938469,100813494615456047,52503522665962243,468696029996664229,457965505371290517,69565115806723680,65853709115533638,36240509135519306,70574361722856823,126657215563797725,226266496687073948,228814545631084723,45355299354979623,258441714121057032,110945938992982579,488974365645722735,552966346335713723,280189950111348019,87281671010879893,302317446131767941,103390853963586398,462469017426131724,501768591528247375,5949366788328715,398654208282283342,195428900543106868,69681967064599007,116418733837675495,480620447252344607,566727706382416527,46904703736748623,121386341478537722,317278507621402800,549524160096321629,174637797875473204,510698244159870506,509559113908052654,406318879286591409,394462951385976124,559118893206247013,

109944914398204759,78597081578057905,46848534949405768,86282815080936991,413807675525305195,106299118573920223,515464776190861720,487215877491363001,334545079908056755,321265300358352397,99649226378042102,112449192979329465,350488832399816093,563384810376296020,438954434396977570,481767176170357036,148100942172895708,213743474347344371,209107600725698309,205833795948789668,85161872467983364,513921899953108262,132917680589462136,466306779216973265,146062672447724127,333001305766819884,514661513746727625,154987412623751701,420987058775811466,493586613372707295,106553406813051294,115838530085778766,284928952509988642,309390519118507078,39678719890327987,28856670182218612,515884370276630937,306119685503584440,419391109200737573,292846993257605590,53235772692232398,401472167300064720,498313252587136819,88206845961652747,271080913572501314,102225423862653237,252916650075868114,503140643812218392,308579396381927761,438798705961986579,464053403344176902,141073293056108053,417389088417732789,459315257493899885,226575925434054285,139948430560595938,192738397714555429,177301169301888323,234267375136256960,85629473937754652,292699480648344136,443763620015611392,414826915540057813,452418066253517335,

241716612999170410,86233083834355107,336026106440147736,417895123822041703,65113541633641954,194620500607692301,160410888703261809,268532409085334485,425129183473820675,525955720428730617,400964535391230261,370143994180684716,81287321619967598,377507456632131261,10074375731899704,311278643609848923,175337593417137911,501117321428035260,511022455209542140,1059768698833130,164382012107700182,188149073027167558,285586321898636576,17291065879569804,397133038059500814,360454036493833644,290150612780217136,14013315191375635,126123618786251298,69186818325105704,490075993354867958,543407498635090127,110287045478692458,347619540813174413,118441702637625466,402576904435564579,221294877145625492,251298204419433160,58850522380921748,229677232536214060,447111050069935123,96441235455221601,569373310208203081,573445481723418555,69757744198534561,52871316032332814,40556446729477489,179209597658328458,450053695353950973,243750802883729424,11824016481983186,169573702229302140,53443216927157344,488741012922924608,83111076291298271,254230935244835553,10025332967080206,224789236182061515,218993285221623637,211976026645229995,526021644381548957,217658599297024577,185888940362473367,495832363984245968,

518138016632488603,495047419754161698,382152262172192272,181520490787391507,128639148529233276,479524649069011692,194155051994395594,96298496836150078,289000010101713483,441866406536813843,536480855620834496,71671260945082611,376174699168458822,122787016598460469,278236447682358168,62026969604078713,158856874749986146,239633389989990360,21444953932857381,552665472967674501,375586958903595856,499279066360881568,341096494940320862,247266828867268235,353258656990954196,375420225602210092,176114304889062078,258072659731316346,415084225133044022,319781117821009476,130333662595429800,367680027350992551,560282689792990027,235217695306086635,406190196915436172,197495643388577358,18269407771959176,342036487529342406,59484766537367817,19249589313087762,392200056805981045,95702423940149384,412787037505469732,354610745206080965,227652504835060453,527210900833883642,375419239898338482,91485523000355706,389258869344206166,175681878913036405,270916724697391837,342451864488869137,293981858270957061,248363008390021999,549502261323924690,216139928854570577,277072035696398992,147863870623542076,418939563475896825,237461317312288762,203768167231039171,401963515669729929,291385429421298683,219082058299107725,

4828146359404695,378813573836851973,222963694889226702,53702965628786931,480694886885949476,105116717995822375,459114838450437012,334155572173568349,96341305086386317,115014373889203880,320275820336960400,564566879304078161,314037196074275753,66214644918800986,198276844844431080,313691602165404701,359810135287000290,181521744637833848,253672972259415657,158647399060203299,203299402128951830,489606388154569032,391201871375270220,456693807730474800,1670542471109610,322114523223563101,180722533946863703,418100905341131934,514551095399543100,39335450039445890,424477654898700211,220345908368243055,269088236575700731,352863099360614631,178493539850398076,30002843496772578,99576760266071250,90595874411312694,282284833622410246,413409960861110515,285885724118136762,15597649134443543,423153948797879847,9852435447690904,294313440861132366,350483651372593746,104112509333025535,326290887451120140,357872251769460047,261210410658139943,539089383672384419,131598215613026404,54147943906148986,24507531665830159,139540898349463445,122017598645271194,84124015274381115,373042024477641570,232266758175049478,452071077505976840,71895419694323022,65958618358692797,274587983989464659,369862774206039479,

537516647078237793,439624012602448425,128645167515865834,457326851535422279,359879620443277927,362990834986359997,187438357164479021,497488439210685916,544399611376181089,220468773839074588,294671398876946557,214703404086570885,206184598555186805,542648903725763960,485164535299297247,20217402769756786,200088098843563098,349858184100364029,270785990886288486,193107669266791126,47337872685714245,571352453596223775,515187149750945504,84279166545405478,187913673272396741,62482253616848810,75172680998807979,466837458020741909,333357338655893853,141101845976769943,240558135356842874,490540800265672891,33978528329688364,26762093386559311,326260640016002501,502321280863866483,522341300712237761,500769599220192757,54174938373219149,25754140729073345,355279575265878404,527907733142816862,476286442798256651,429978106636235509,361733571478830156,401621397286852925,556768068997022771,521505486650178589,186088070687973881,167692498306053715,22606550611245938,413762666945132585,198827177839545909,497466090820839421,73880140753878621,328272259225816698,267922597820711961,265237598769998817,183232502637745961,50014805569022376,144214163300320996,238838711087458370,11929095144181657,345269768708491952,

407417246000738959,436383087690615777,53456749025455355,141231849707799684,447123753324538041,439175023057614292,381336270248922852,507951162883047007,243266567889366610,30548491980030643,179387438731432005,508408886410322394,266697589088227537,405070507759087665,156167001736696721,121211350514706558,525886479606018943,103180860675996831,39139396494083774,566032197761779020,180019833573636281,22322378181639270,336742410960225384,48613043704451150,266202757862407494,232974596278979712,141177930821882960,164126130685836849,450442670504611088,125431275127218489,75913418345260399,202562786421679004,107471143318300337,440125782550185768,559496965601438493,72663658208972674,368928391887204505,196830190891315766,337795657532032906,99281271762022170,211669870488348243,574432083081389608,298304427496311124,58782048599002367,256116335566451184,53292990753348269,521165865021452012,305819965266260058,503586822296840705,447024558178804547,410467845610196713,252252838217335913,526889541543577405,138774396899326425,102676120936947253,556178426975566293,45953531072603371,465101967854510800,375985311828081210,107447822068093685,65997535842636237,122857918811073297,226586819056534599,217005491461237534,

301314372564781257,339571344706036228,459780045557223323,256255581954583859,85390065223668633,39599098828704267,99281291809492515,160429499776886339,320298553634432136,537463985942484782,226008495501679883,575692340512738311,75032008468834090,433180967850674903,264593139906893096,479644031932640173,576007478558985517,3752102889585004,90448048799418955,143738538712699895,422375795064593082,530275629627936040,284178689048820465,538162710629089119,200647500343536619,342711737071970717,97141417678782328,502053651775115789,209631883742088129,89812872717645209,264589427868873975,439936021795764193,25870847655150822,375467370528478843,447959063097794223,532927518237809857,478952928030286709,196724880048006258,515621916101264939,478578390123947673,428900157226356711,311372250522664604,205783965885321017,291804935598160565,528398269044873232,107473332679822293,456042971318825020,145738504090953866,242754982697188572,132898926036508563,541280435927125880,501323487218274836,334350848253144129,227557078422079752,455766165351203579,180015523177182231,390462328784448457,195837468628762125,161011017297534506,17464031319941488,162550762827404324,4943512899110460,479796570532255895,168053075199321141,

140409985320598837,188926512670976050,68911355659103001,201669285823657942,71619713248350427,240359360914266735,100590182228895268,568873504954267660,8497447210801020,301468591536317985,425688005331377835,435568827828820737,391955077812238216,289450529194897550,25241033618076694,379681680738004,499414796591246912,162495195556648192,439528783485723543,229664360455433351,212354939204967948,200802232543224136,16453620161270738,469226184968015277,296314283095348505,111299468058857366,484200090193163402,256403545077408887,77116263589100975,288081311237379826,386409112265533831,549528074028675372,227498772406470419,111694197875534839,120713580336494542,31765347958563471,45792221516557626,185559372123255468,424022218206161889,470932614572829158,446341617533928184,5715673652826957,178143089630425567,34058539520511302,79033262577733116,515317485841809618,81759208306727266,253645654190723376,108677187843262160,463247094121937690,571783237496565462,250024699405019517,139031445452227868,415333290055246122,381452241166791315,165241195566141198,98742244762802810,495278014120522945,319142878840664474,336877081630410271,240892853572372462,142097671862440688,135084579839717074,413900712036669316,

133028421627661772,227145403135286544,193191433775449439,399558966609468060,183285800814363788,527926740227221825,65724309537387833,378859915560457722,389226239163718483,122202495400673157,457046332501864686,362985854758744108,399077404115491197,55158212795452877,312323942548776865,412053969518662701,504074505029922244,317636803493844760,139377529969289227,209176767513751613,35996514667609598,510812641802820321,503820296383857854,44593483936105322,203329788097474981,328515127807476679,85338525846170027,135786085530945499,316036113372366841,55897273483207404,292780916463884452,132698362849499923,33754559304510351,332552861695176566,505330251782831922,428283201215568597,497825742234169865,155653835110151210,436558411730941511,28864073917908403,477143373033259030,442439588107481260,349507709928038693,572151000598367708,9277459327152556,76356243736184433,96915039174208748,304340438915446945,361750888227292599,2555885490556098,99583791094673482,229273076582177319,106932397397194466,533798381469738274,401214956940283313,240388244480032207,550219803405787395,105231120007286414,574749040707060418,454190487406714778,193098122767663717,263290086503919538,310662948766792022,62393359783051677,

285654762431881708,96139030328952559,450586638100784126,323392159404786707,143906005782596564,151343939980898868,559051534369756494,466729390306098834,136861263603974436,391398423853656531,468407032720317409,283536632263535284,129973524418565305,542061237755775456,60760625755322172,155539163636870990,10062162984601632,485872489769945794,563855303952827585,488684193493893860,555214055995886370,33241652862410365,367664192641530075,253023936765179608,136439591181114586,570685579879127087,168455560712969337,255230028679299564,413764337977942217,382569040938967777,128303208915348767,11001039195666770,167900962372541449,457968212018934476,510712175705538620,538437213118926060,286024153008544997,254440940632227921,196119019253538354,403435786949010867,399487046024520917,172517338216608407,241691004027189145,93243015133815375,503543377989829814,566317026262206663,568185463504681554,317502210497768040,344496013482638052,229211777686464913,120625926373127242,49847467519432513,427105759255422395,345355248632309895,149271827213441309,267130263085159792,283126519210679789,128469166350986313,37625946484252396,471803778085679859,523864722791139542,563019149945232560,541338092780173958,7049690353147805,

343105250272283423,295628198864132682,223930465037938032,249200231147470992,392317858029326051,534883600112638696,422865093530948602,537979440400015476,98308674118171085,450850214736942698,431171769771194761,249750535227547613,161176154738658196,308685529707260668,352017396711797573,31729149215224060,287378968530714210,287413020470854713,275875831210175535,538327311522835432,207529637562649610,523578012866069498,188488391001019638,118414852507030257,470508398076893725,190475257074237701,572809819543574414,339201057126419581,67752187038607761,153940538439444062,495332867675442853,239383314558398809,301404866733796233,107250870206716077,346722493007595387,226818135253923026,448471921366419400,226483987876046769,428550471250758475,10869779281129383,388859678557266052,265216482057088742,291059095194493852,489064654374949486,193744118208819243,551434069044468476,92879492540274837,555001224722364372,56435132501338160,298157589056004597,531264468945195928,50656252564058068,437559835727069348,116167326973518028,492161845233516828,107169983024325293,111880316617615533,376268002261298641,312509688028534759,374364117901466894,108527695911246633,278871533289078220,468201081954098799,90661042112287404,

352191064044740258,160658178348132330,392335010910394787,173319087213374645,407244364106895680,398332587784258149,237458798295041724,22746926788886453,136882610956741247,210352352249705637,72024285605565273,136466199474071839,183325803856599961,494238700104927905,420137861711378464,574681497118444685,176230245069073135,292365560352102536,420012772317124057,507970455651027945,138564377733836344,517254822574631068,186906348297827326,481399660513169938,179899996588612958,80862053384892396,942402709629662,354591744039855875,432947833114782340,30666162430455943,567285258160273894,127198668243125675,339386471105236934,270458844859163923,429447643146147337,420460513331383861,37897397214764857,410564986928046848,82237578876029825,296966516693775313,329591662405012070,404808712072607261,122291925770079805,7573277079455520,128916652524922035,571043758680611556,350174852404634756,3671930231327634,496199940207734845,313678734916583810,197500073784913361,440731223131791803,281790040916801791,12886823366195805,353767538846312662,35895478645607004,173523100669008323,53479711104381159,22235562410172579,560352971046363807,54407727563030996,102227941044015188,316428703579726709,355140311793302354,

444903230881138435,478314071838403384,169911651822446961,330665739167189249,475813397933807301,61352788056622566,132386970927711754,135876863579534856,252148951762150258,97400301713716376,293284551268965646,105655504336108860,423073389294853820,213462467051776616,79870161943521808,120882795657578486,42957793193103300,123864381844523408,111801447891296497,474064600051786476,209334335119709783,316637952895343230,364186091235650450,455471258685041714,542486569818270155,469102573324746282,380032496511407231,56532859163412076,502823365479636638,287507345636226960,523060303289093735,566120054349100872,20756450449106319,261952487241228240,334956342134661481,475809022389018065,512246811558539376,476242811160571484,7602937136640019,478310269172186661,244910523345201373,242597170103900685,159350480185880879,499645483257490620,19762818240362936,163208662139103404,256754634140860162,159668309684919962,303563317436223990,185460969561992435,202207752437127645,140194508213207224,10055045870383047,441026911258612999,336826066232801333,101828215605896295,26428478801019578,170505046952761482,310078886113505890,439793480926274493,327817852622117632,434301211153549362,482387085219657323,478372951666737817,

433739233831120627,62209936090151763,526581136819770997,94451437234726448,323547223260486198,92337458987273731,277466602655978539,194458023188180057,553605291023705050,377609341097838012,155339265543797197,3363433134919442,533625600484039830,174898756843083082,184705602648414511,217169036272684746,247392882688642917,159095604776610099,223558147203785207,505681167132079746,170012936105124382,482750593428107585,419135148923947141,80830833446443989,266930387679297319,397335465400079391,21655090542501929,340424899912203091,543685955632479715,19054608817712917,191816078189508797,131239628454870979,24404151300712493,436500501520852544,11233709139902149,208003761013286623,513707248836048859,217299562741360476,403961343427828157,520351256660115721,164889286667097726,31713827673156662,306339417992278049,77830720183127650,425188833173227069,133145708632082500,431140767166673525,28380027308892442,225853951699062472,441029274078966010,569624309905791649,423252130399646049,454831873523084566,351083167748574121,333561350148655285,429172574815140222,468668069163022655,74589844663465568,382860842246725825,144271134052363263,399829910734677171,338779417845427582,412708175406255174,309525693615153093,

25988324496274471,442425682398245278,242966103145242377,250807563149115864,350602719550343852,18705088346352892,151846740065048706,243473522111818366,176209755423699354,18343402766157986,500243857624122364,258971197859767369,164502607124587536,65717714427762381,335343929965012439,171086341866913035,101587624917617789,145837236329447142,542350465245703341,313493383984371441,466067064077265045,294070359931855877,566984243597844941,526993509987908153,371368995742853362,313838540703948576,458547705645460712,83486259240838047,208274559350203992,401397974368017600,277652098306017903,469644513148720035,398292816365982958,264535875890214388,447050816124760428,343222994433426563,333698185217972556,334351538214304291,392085391167220430,315404688891688226,359273554123562391,121392136043768123,251023259988981782,62292137275163455,525113973131096670,207709884046914500,454245018443658820,144643622209093304,448214976760455217,383063078656328917,4994547500192459,196085149928967130,546871558233356747,458692997842176699,417603782462745632,68294309190012647,528979249046020081,517733894304717280,109695906981524187,392621860410347588,262024072359764813,556006026291350078,533161533118122011,77072253553374990,

451252147734753762,487870455088966627,34060904713708898,285757401919739426,3736023860874185,419860143277519261,35118446874120235,63032944715892137,171567746653096162,103314835225670162,197353133718631841,249505745452048542,545921396962731010,509091988199671834,238546715123163050,300349672438063314,153135450553539035,293629646020225967,79536904730854433,18604828639443459,209233546838670544,342963152779949169,156839751075177901,113313593589658314,561713673198202485,165470425098971539,225267277717847076,274665146437927385,313362789868717392,155550235805840652,309562854311544733,341897915379596395,533533317697065996,331629914320369029,186888975798622333,365725194384317686,282363752140816382,30212724032252424,72048717801029467,163726095297712161,438819770049026197,476874948427517048,380959325499564182,70349657229034854,459341241655101885,114664189072090024,79719090087670856,259995950648571149,512445363655741048,465585496851698963,479889249882678920,220204540775400842,83103296898214358,572626535854931286,226991788135395594,280003673634858935,499056317558264767,252276384626326952,404310030173121027,434584407336263621,467328955337881565,344501473622684140,262464973038293514,281357295193072216,

246083654145455039,60143445355677275,94180199541772216,265385452948645139,534416870090303720,104194381363861265,98914926007648817,47834620057875727,54402009738215709,435926590184412271,335368162024841038,2762982975739920,12305456625859826,302270463556158338,176819523726440184,286864972787011648,114173793068074109,478819170388451908,522992836198540028,409848198744240198,197243068185213485,509781099408116839,262889391557309421,265731446517771848,430747596864921747,549596165354292004,472388849192109512,12095988282273462,122674532090000388,404023387524065025,426711748061306167,202034499257570021,471269734058736616,281081188556165546,498031205194477012,565255807530837291,141768082589142210,4262692517749210,331980212247370408,244750427524309585,145160527346832882,15535938757982479,310187106484476027,527796485688381073,352479072123713522,51457136227145169,529025881259638571,301620411595447353,58405083698843758,140327003434956128,265336540142013772,339862462133071315,482621981663927759,212880551958583686,572188181858281086,573169336202031623,379324761017274683,416170991596856111,464339944686366291,368345993403531395,355834529915640951,489970379586477458,19363998708878010,293258441650138172,

152417967324735198,407944336340384370,393972326086157871,418714995308589496,354466267655440765,177665470122467336,292279857904647215,451433799796625185,557238890943657961,110069813630906660,74987408848006958,162115400924520870,460276429223490949,129450446941282097,162950387706600661,304508819489711909,186195414526836058,568704193853372681,364268740104525267,147577752115164544,105398898295630995,318086440363770314,410705346057930689,324199311508179608,239078830013440961,259863831657863469,8254260655863136,227575768305100356,38955771937784836,110922324589541606,379112346892779889,47215470698293475,527900154371430467,84361228781460897,225603825882392988,220177884847147062,185328282393097671,139311050753281944,351569438401688015,472757934017063220,379715108662045467,78100451930488364,276669743763054690,471027308865410829,147831795328550733,536094611723311771,431031736002297080,191250297772969931,70842828283058268,503813763567844654,558456007105911691,66315381621900914,158611702472046313,521235638597209447,110610688711642042,75412924574528635,304023830829881475,126061839871815159,562528617255190790,97460718515408086,152676680907268765,77835546205434420,54881238396923122,551134872616793242,

562096169028359560,449016362387699649,394085234044802947,396419314711113367,273024883272487227,459021445010791908,531774656419053835,179905282739548260,478146018837375489,63731999839139520,261381781870702067,532336407169868908,538173386359704898,490766732459855812,115693235279604125,340398708899730,120291524418421434,297463555127506111,116256667581241268,216743222789941411,168218498444820008,218584116582471592,249508828658783954,429828955017371073,225021950742498136,361984352196265336,302462505313300265,239083415143541903,312849683452195429,324126724119444438,314605769376939582,516067061330820425,274304850587484889,554513931303299958,231465236131898195,229144410273518263,74133267827803221,574204714094008882,42915586277351253,313575365296449331,524203555746333615,486467601001188475,41984519427404635,241088115793313834,245349212048249266,476108835468667029,395269913755876139,28076824887414097,343677957284460117,417170587455957447,202824577669790518,246358129302416782,545814751493266276,400539639650073175,396869164077824732,538662955506490785,352628847100784251,52954604890652381,219073571677198174,189699040250326895,438225427711475844,307608086525929839,445693722946391723,479517265832287011,

374319419146011840,189119413421409175,165259228882647043,454244412153250359,298122750752118888,24971684851477157,462245561215185038,449910549717735876,538417423078250020,489989519458528379,539921738647152390,370847481764517763,21448163197126705,551825215167907296,55726943362728202,526006543776770449,505012641225099858,129505696370247681,344520214559884553,132262330633693611,12138444836737621,115547431306047039,125419297207628542,542379350403820226,111625683366474713,17600428051768371,4765504959767373,180389058228189443,455532334977748608,77320018283217225,265339362197563871,516386550348871732,442666331028487839,86559116074900033,84165696988864424,357653688317085170,502095633761373743,216841783095512072,17264944179851497,824500519803505,165413273895705842,437619779621789230,387054370265681989,8861849307949354,143212344392624703,434253533593076530,82896961861967159,40994996028994115,119559720373976281,133342062043863940,453045186442508934,374678220169180805,198081956841914346,97381927277326761,172902340855478897,258406543232492836,344710556821525956,85651778142902042,440221213807496004,82463968451827435,227068215670939147,552379543897662109,291538212285485997,240278365459957843,

230460892882817545,312156266800556171,146064031840545094,569909447600193553,443322436948480226,79602641603628808,125043838798650108,269407763837544718,419084072901780319,36539594183150918,46477393565369683,555878424372462387,17538722077682716,516086959901526649,104962077043363222,272513670405180183,507014287154693969,471133231887179157,30911404743309285,5514462908294164,561040550106386856,17276851084041546,306439103166911727,216108829134088825,7171854419453056,189523392426681108,271186915378054579,571627152905154691,228192504585376363,267295192019261651,190614920456793265,572079074975690921,547037964104416133,279339772414213255,410864458844777430,121151095046947130,196455553723678298,408507315886859539,129770670461932174,89535799718122987,163242552543387719,145244599023234816,269843712980192272,502021307269999516,157219046105106236,12787792483980026,404226283922092872,281573442261928805,117148136627558823,84922608219822168,312810925819891871,88044284672077548,49561642992923356,307963471155327655,443094621302269325,210458398947589308,531811751066996677,213905538458480654,268461594366565425,306326257230493792,124507551595595824,297147601764726948,274712007543764848,302915216606301689,

463829682407540035,499085611607359496,478510453455931799,334402943145472667,329991080946250783,134061275282747485,260475611478317461,483873907542289754,429580168238646770,112768099274659322,326934094936231036,179302918520877966,471785951953332363,303337601925434436,502269126385022304,419937314711029330,416402879411681906,275798268944611261,11692658140249234,549466589214741141,475972715456193195,139017849073036255,367721445331887715,303910868034239198,205440434769313236,341833524332828605,148812917073758775,514987457254251568,417915426296692653,11546658198778464,191394885650888995,58545466161531049,401938067250634056,38373230527989229,412418747027313382,145399413431558104,448429974483297078,383407988352774432,85855895448060552,453367127215037361,120602487133561871,515059552946265243,77202301021042869,159838516255573006,414172408083565371,338286239815267377,174654877217612781,317465186865808448,112632188254445013,265165949486835896,542214251357754981,119962839015179567,222352210353633340,85519623402195710,69296257574075334,535154368127032492,460201341109431342,238479182852318972,295866076403146975,257474313576753949,534219433014381177,47868013268857274,22378352530336258,324087851220189519,

316510097850549026,483565829336762697,11262169411195080,569376557506323033,100094968403711198,80416723819851517,19693942714426019,494664819559401641,20130946409564555,133993850822438227,351359288555587982,187892550216080122,550126291380576031,155240599141729917,105005672682007167,126885920354408325,234511455291329594,22657277960765748,556479257119555080,101627382774279821,59750052897923692,342055943771580600,89392519144653807,85223402873321863,342671748319474719,253269243467050209,348961968572182443,109865831960617112,241739380025332780,328662072356892765,337166841831568783,545493033827387750,114116691260629541,25562639549626204,565954285569196547,498018512908813296,229573875229227852,475959497074303036,400155280870824194,253341836928561885,428939684549916640,490617758409662862,25232699461957521,281430259414985838,572476402979286455,161736667548199495,184563576080411313,140531632883080074,157165520187218389,490391830608096736,506890131251428760,114845798084969722,572766561344270952,212331132885139873,382733996103875758,396170962325636661,171024338276963784,529581764907928830,555547108184569200,189204951036907618,77872838766826521,375184580148580338,540803258356575841,197610093388729507,

561886951411485797,279653843867638554,201208336853820296,390129389911241880,451772611860135537,511653150594256352,471352746392737158,488726289140499289,329218450695707183,57283728065149807,347141393770910834,29013814793157426,467576744781285249,51663390960453404,118392984538343782,255306846965853333,366073170311250028,548217653209458668,71244033234285996,505296484071516441,337629317748794531,349049073460459604,165278943079705166,320899401017417134,25785930979261630,228811546952538493,364119109345647737,69280118196137905,553291188214492957,562385375717343886,415847921544457620,364630076693538566,280541736733693685,35363528671190447,330618913482928927,116515403663869027,445752606022532109,482338659077473005,502546610050860524,336597287897117224,365755067567093941,373147546512584121,427238195443797727,563814916091199223,288771382085683562,347449193217396329,292091436442366663,323331113490517929,428510145773605285,13146717923652866,385285638213704613,50766696135632355,268706824253445307,395362386499136160,73470393364245554,570077289748620297,263568180226262569,426905533117206973,160899122187230671,512313922555453982,28651305472811088,561919704086802768,491615303668383853,557049998084507141,

191898726366945382,324035610718082947,411778179486477244,567334746330677802,542359286119131340,489635603541671048,156679055938419887,351755112807682065,194897630623635580,239561651797246991,84611885849220442,97856885410137229,528922002202982333,240563349718448542,346143081623526199,245930714011568751,410838326492077175,36901224183277440,285518982203111553,484793303613825919,430188032765337087,569684231712359818,364156366359748550,71395023773693071,520569158339064998,194973400848349102,327109543451493775,508401364817292345,423315397300398156,368132936554056704,183174046351006036,461512905212474473,242553491026413959,570131793443101377,206552515853670010,187065528546965895,363058038498759424,388820365351848379,5130833096362483,122614818225792400,537483192999484335,453754584778697860,503894786170587836,339858338019787041,176082685560826140,106933979169627216,263851543694600006,326278266469407123,97113930510462533,532308760214445073,128720128570835150,118684142495112474,65927619610936792,534836183909363129,214423572972441059,541997244051947747,82151537629130390,291964661108441421,491651463467557565,368115626398295994,380378027708788198,2672994032600752,327891339333706437,294725314336597189,

130448843342661,90613436000357303,176375449950230475,49162598334767051,98674621727071779,117958739224895430,115254755105355523,320666758038812170,319562099877041899,332632997317718329,492676799035414089,138462703518515700,501662495742473395,209570918904909624,268431028423891590,507469692887157307,481826682383250618,263105352448729287,348218052665388776,487285142014056761,198965850991653562,353804271858766044,103567684703014681,344817652284619575,14579484673302112,328823947102430805,81903672093622391,31695830398489979,543865948152420310,415798732695376319,165418378514884516,495808606493422501,417031377058748530,436384724707778604,451697362252915506,511466037805620386,371366918245282892,243310074127282765,561042791512272418,219299540264246540,81140778260963623,506557871010743553,125783165150426705,360679374012903530,55483920582367975,264920625366295014,65500557498456984,758257274402098,206920393507814794,342042081403768965,254705701957439462,117795828090213726,487481710939272104,560749047519298629,115048377839034318,492028020940123242,50420567416273944,515893447292714946,454066941884615655,529843546821519892,250043400959723961,190031280050658431,247268898658675685,395311050658121100,

368694880768275385,480542832679847166,570800013746754956,105235358679307912,147749418500058335,227367186627024349,529975096310884319,168595080143100123,393763648311123595,247815351406213925,101557061754894042,308894708106100198,34539585021823029,536552187746110802,191463105296327893,54487252195882042,496193586604433441,147673527144970721,281646977393227829,523678571764686614,220857794927756425,237042870850761690,413699501705878776,502993131136326578,471443118776288864,85072606947394824,529420292411207942,7388343616314916,362203743828763916,289153963534907621,38617078557982256,181539326895539528,536355336954313086,506034394133612691,475804592556974603,311326924929488355,87576468840469063,422560642765484561,564019864360544015,541978219850196245,313461718569342024,451550623470278197,491087632932652172,506881086376278827,327465481150831807,211152827251126066,325313664578805793,429587247704479656,306419914863272699,507841129182608828,84095088812554279,489528311775452743,5582079114567509,164491500616056888,97665077777602074,117736792210671968,432221225334785485,145532110749474110,44903210100385159,262722580347303897,91666191904697392,416614690805297260,300892147440109153,191655734722298303,

366118541838191006,278886515673526010,113267188199973863,169181505935328001,21618731264036902,51858339151670627,180373417799958235,530481341733102273,519042177752126003,393877550620044218,391175420154657499,214994296650574681,265790088113242582,332629404598687848,539927723203787409,462687726118066897,407098775950074446,565673565635833593,171497718970195424,151924719809930620,279179104668356662,230813751301661431,169597578153406845,512046451682433460,392714774419562818,91531518783199665,479258770735068703,271856716906683764,277288956453498703,369630504120125159,321076592815998584,39792476982922613,311347780643281982,389081862795844809,50497656360052826,122314149729430580,337832690435278358,515188656886978927,397886056479265007,496631686405215828,509625550542509108,437993988961569627,402442286377445336,474317339714664869,228341164859683117,123710566891634887,259422944203126180,481118442414673534,529939278987261334,555509928143074523,558791955980948733,18474056701360112,148072077187968877,46845738513797708,5931493745618933,195039831219525469,41437524264740056,467810483560758009,83541958637253855,116466390060783596,245541039257517548,122068735499374110,80863401889259187,435924125886352893,

114472977682715057,264903373045381236,411494808859007769,333855716860262348,532571780951020170,353843405072532517,57594661408643451,60790306217829324,64924265877303443,72018428525259306,299546044466395294,247069336365527377,556717982028875404,356921963205494576,262431103447986,161281930519104433,65667888188640477,530936567962773816,553541451160296856,311455239825845683,257105131254393570,7513303373195038,309918355993536697,36693828221508961,570329493657004898,280219071659493093,461857375672561913,150110961087002213,303162574553863782,494645712080026585,370087315560361479,344563481327264031,20873880551213123,113892116896356217,711850260645891,456018106475935672,298868509573393082,375413937294903507,193202020810075814,239999806440110918,506790244031953504,533494021312375402,286958800959819758,467660533866498420,47190978087051526,148511050485385878,571388833302581239,71425050917111073,394344932165757545,107288079934855309,256635107560827480,12811927875484900,336053487851951014,38172174330151102,304416183596791784,354727105300594943,493113316440292530,398536231106324807,388129201342096164,453739879187276782,568036288052983766,258855996336673593,42691495140945728,515024362589005159,

72065385948352238,234654616475301073,93958342450725880,357652177263635278,15947852624784666,282141615251305886,237373575078728666,261202091115557997,561592493255061196,162082640933871203,536653324150889253,537490645811406766,352304899095501274,265835669925682563,189609307216941509,411434849341054308,343144171001454551,496636409940460664,409211029618844913,227032581605091009,294075020899343521,339662826278299172,470939173726979758,223323414552661788,224874499798444435,311477660425637265,245208498359369925,334280306975931195,182379253512248653,429206533983179951,10587264638588089,116283563313755213,489528798663201517,418322728588757311,162615047144690641,483526725963804682,70396074791947766,186742806800974412,417267629810511910,560232396044869555,487467173406529099,214438097665070024,167203693170179576,348468555835679025,418550675793874628,469865639892376170,9018022012765855,531471067775606761,288478662793427624,490538459923424416,188797115180072735,368780868975602316,437742009313256224,573398053085146347,62680273864157423,277146103408194833,32769600668971686,209724797026892915,31823147403833783,273315870503004084,445287146992132825,60374847268140523,363846774013625844,466919758583447451,

228126036067305391,539484146503784647,370103711841976198,466224818879273808,140854171250298951,323348591403992078,425402677172890402,252277355258276431,307164118479629782,52821105997012123,198458959663256982,383968322569762500,121913970687660318,104896240509451313,194509962111613691,374270160039958915,54254520197919017,296455257079167079,238367639303567953,19890168271325124,78472895203596979,354890946877606078,449004437997611959,317816679790932614,525568247331475509,56429973775500062,311830245640073245,543591932679385381,549171917123183725,401746799517714870,158420847544656336,549133824514060591,388988946890906222,545432068097315651,432955029686367323,306813430468429276,19414855995414394,202630323186740879,274730154885754177,487026823045723440,529321736770048456,112050298729381869,449642045171188186,15420297669286548,207305932637801198,251122563490922542,66870828386165146,470445382675095130,97185718037800750,23483783585281329,205630329351099511,424908436435293522,143345711481432643,498668952728968286,379471541750660725,507742813526278912,561397880343003578,524064581013527640,573541802412856492,364659049935659857,15342129441624092,23086013865287920,528418225318179310,176427156602266076,

41625598312464253,485290565143555630,293176836992266388,352235155286665826,426894082952516312,474778658633292566,356350542653771447,518805384285752297,568443946327730857,123539223014321102,225770199709473304,295379143246742723,565373455350517682,243815080156366572,384686499901256567,420852099439457079,141411540586685861,78928220103979134,275270408132000314,326877384810505612,31418270188989760,402067176857080489,289939782990377645,448828051383583043,476209700045704628,546607453557489641,373444104628007155,476402740599628536,248453484578993222,145398686137945245,426796606906592981,137526289951427824,290542550176381553,400447470803991556,465461123548873410,176473754228185651,62324719788198210,77875309895020094,547130875379936066,122879209226068613,546140216510863339,342699900833745027,123253683139549205,490077438889761408,278307902197015051,85410300182761404,279398602782953539,168895513614639677,77671631365180973,481495351802740403,183054236144487274,298164777547792655,26962366930289555,433401506759747795,505557198888859989,345637662160371300,37838357125057654,275957247539768208,346948915779824346,77152947711149966,548620388454521218,531239850987242369,14632060830305007,192222052711717324,



origaninal All Correct.
Error in index: 0 -> 179686263450465981 - 230948538699085076 
(in 0. Poly.)
